waterfall.low=-50.000000
waterfall.high=-10.000000
frequency=7056000
fps=10
window.y=78
window.x=1180
